Aotus_nancymaae	0
Callithrix_jacchus	0.017840375586854473	0
Sapajus_apella	0.018309859154929553	0.019248826291079824	0
Cebus_imitator	0.021126760563380254	0.025352112676056304	0.014553990610328693	0
Saimiri_boliviensis_boliviensi	0.37042253521126756	0.3713615023474178	0.3666666666666667	0.3666666666666667	0
Pan_paniscus	0.05915492957746482	0.06103286384976525	0.05868544600938963	0.0652582159624413	0.40234741784037553	0
Pan_troglodytes	0.42018779342723	0.42441314553990606	0.42018779342723	0.41924882629107985	0.13474178403755865	0.41924882629107985	0
Homo_sapiens	0.04366197183098597	0.04741784037558683	0.04741784037558683	0.04882629107981218	0.3835680751173709	0.027230046948356845	0.4089201877934272	0
Gorilla_gorilla_gorilla	0.03896713615023473	0.04037558685446008	0.0370892018779343	0.04413145539906105	0.3812206572769953	0.030516431924882625	0.4042253521126761	0.022065727699530524	0
Pongo_abelii	0.3835680751173709	0.384037558685446	0.38544600938967133	0.38779342723004695	0.0737089201877934	0.37934272300469485	0.0849765258215962	0.3643192488262911	0.35962441314553995	0
Nomascus_leucogenys	0.04600938967136148	0.04882629107981218	0.0483568075117371	0.05305164319248823	0.3892018779342723	0.022065727699530524	0.4169014084507042	0.021126760563380254	0.026291079812206575	0.3666666666666667	0
Rhinopithecus_bieti	0.38169014084507047	0.3830985915492958	0.38169014084507047	0.3863849765258216	0.08028169014084507	0.38450704225352117	0.10610328638497657	0.3751173708920188	0.3657276995305164	0.035211267605633756	0.3699530516431925	0
Rhinopithecus_roxellana	0.05492957746478877	0.0568075117370892	0.05586854460093893	0.06056338028169017	0.39671361502347413	0.022535211267605604	0.4342723004694836	0.03568075117370895	0.04178403755868543	0.3802816901408451	0.025821596244131495	0.36197183098591545	0
Trachypithecus_francoisi	0.38262910798122063	0.384037558685446	0.38169014084507047	0.3863849765258216	0.07840375586854464	0.38544600938967133	0.1051643192488263	0.37605633802816907	0.3666666666666667	0.036150234741784026	0.37089201877934275	0.007981220657277022	0.3666666666666667	0
Piliocolobus_tephrosceles	0.03896713615023473	0.039906103286385	0.03896713615023473	0.04366197183098597	0.37981220657276993	0.04131455399061035	0.4145539906103286	0.031924882629107976	0.022535211267605604	0.3615023474178404	0.026760563380281654	0.3469483568075117	0.023474178403755874	0.3469483568075117	0
Papio_anubis	0.11737089201877937	0.11877934272300472	0.1136150234741784	0.12065727699530515	0.4582159624413146	0.08075117370892015	0.4967136150234742	0.09859154929577463	0.10187793427230052	0.44413145539906107	0.08920187793427226	0.431924882629108	0.07042253521126762	0.4309859154929577	0.08873239436619718	0
Macaca_mulatta	0.04976525821596245	0.05258215962441315	0.05023474178403753	0.05492957746478877	0.39014084507042257	0.034741784037558676	0.428169014084507	0.030516431924882625	0.036150234741784026	0.3746478873239436	0.019248826291079824	0.36197183098591545	0.017840375586854473	0.3610328638497653	0.017840375586854473	0.0765258215962441	0
Macaca_fascicularis	0.11971830985915488	0.12159624413145542	0.1164319248826291	0.12347417840375585	0.4596244131455399	0.08356807511737085	0.49906103286384973	0.10140845070422533	0.10469483568075122	0.44694835680751177	0.09201877934272296	0.4347417840375587	0.07323943661971832	0.43380281690140843	0.09154929577464788	0.003755868544600971	0.07558685446009394	0
Theropithecus_gelada	0.04929577464788737	0.05211267605633807	0.04976525821596245	0.05446009389671358	0.3896713615023474	0.033333333333333326	0.4267605633802817	0.029107981220657275	0.034741784037558676	0.3746478873239436	0.018779342723004744	0.3605633802816901	0.016431924882629123	0.35962441314553995	0.016431924882629123	0.07605633802816902	0.0014084507042253502	0.07605633802816902	0
Cercocebus_atys	0.38169014084507047	0.38497652582159625	0.38262910798122063	0.3863849765258216	0.07981220657277	0.38732394366197187	0.10610328638497657	0.3727699530516432	0.36807511737089205	0.036619718309859106	0.37370892018779345	0.021126760563380254	0.37323943661971826	0.020187793427230094	0.35352112676056335	0.4342723004694836	0.3615023474178404	0.43615023474178405	0.360093896713615	0
Mandrillus_leucophaeus	0.03755868544600938	0.039906103286385	0.03755868544600938	0.04178403755868543	0.3769953051643192	0.04413145539906105	0.41314553990610325	0.028638497652582195	0.021596244131455444	0.363849765258216	0.030516431924882625	0.3544600938967136	0.030985915492957705	0.35352112676056335	0.010328638497652531	0.0906103286384976	0.017840375586854473	0.09248826291079815	0.016431924882629123	0.35117370892018784	0
Chlorocebus_sabaeus	0.04084507042253516	0.04413145539906105	0.038028169014084456	0.04413145539906105	0.3807511737089202	0.04319248826291078	0.4154929577464789	0.031455399061032896	0.021126760563380254	0.36478873239436616	0.033333333333333326	0.3582159624413146	0.034741784037558676	0.35915492957746475	0.015023474178403773	0.09577464788732393	0.026760563380281654	0.0967136150234742	0.025352112676056304	0.3572769953051643	0.014553990610328693	0
Hylobates_moloch	0.0370892018779343	0.04084507042253516	0.03568075117370895	0.04319248826291078	0.37934272300469485	0.03896713615023473	0.41314553990610325	0.024882629107981225	0.018309859154929553	0.363849765258216	0.024882629107981225	0.3694835680751174	0.04413145539906105	0.37042253521126756	0.026291079812206575	0.10375586854460095	0.03849765258215965	0.10657276995305165	0.038028169014084456	0.3694835680751174	0.025352112676056304	0.026291079812206575	0
Carlito_syrichta	0.06384976525821595	0.06291079812206568	0.06572769953051638	0.06854460093896708	0.40187793427230045	0.0765258215962441	0.45070422535211263	0.06338028169014087	0.05727699530516428	0.40234741784037553	0.06713615023474173	0.4028169014084507	0.0741784037558686	0.403755868544601	0.06103286384976525	0.13192488262910795	0.0708920187793427	0.1338028169014085	0.06995305164319254	0.4032863849765258	0.05821596244131455	0.06291079812206568	0.05868544600938963	0
Propithecus_coquereli	0.06291079812206568	0.0652582159624413	0.06666666666666665	0.06666666666666665	0.40798122065727704	0.08356807511737085	0.4516431924882629	0.0708920187793427	0.06478873239436622	0.4065727699530517	0.0713615023474179	0.4084507042253521	0.08028169014084507	0.4084507042253521	0.06478873239436622	0.13427230046948357	0.0737089201877934	0.136150234741784	0.07323943661971832	0.4089201877934272	0.06197183098591552	0.068075117370892	0.06103286384976525	0.06572769953051638	0
	Aotus_nancymaae	Callithrix_jacchus	Sapajus_apella	Cebus_imitator	Saimiri_boliviensis_boliviensi	Pan_paniscus	Pan_troglodytes	Homo_sapiens	Gorilla_gorilla_gorilla	Pongo_abelii	Nomascus_leucogenys	Rhinopithecus_bieti	Rhinopithecus_roxellana	Trachypithecus_francoisi	Piliocolobus_tephrosceles	Papio_anubis	Macaca_mulatta	Macaca_fascicularis	Theropithecus_gelada	Cercocebus_atys	Mandrillus_leucophaeus	Chlorocebus_sabaeus	Hylobates_moloch	Carlito_syrichta	Propithecus_coquereli