Bos_indicus	0
Bos_indicus_x_Bos_taurus	0.022522522522522515	0
Neophocaena_asiaeorientalis_as	0.06606606606606602	0.048048048048048075	0
Phocoena_sinus	0.05555555555555558	0.0654654654654655	0.018018018018018056	0
Monodon_monoceros	0.05645645645645647	0.06636636636636639	0.02072072072072073	0.0033033033033033066	0
Lagenorhynchus_obliquidens	0.09129129129129132	0.10330330330330328	0.06096096096096093	0.043543543543543506	0.04144144144144146	0
Globicephala_melas	0.09129129129129132	0.0687687687687688	0.033033033033033066	0.05045045045045049	0.048348348348348336	0.08198198198198203	0
Panthera_pardus	0.06096096096096093	0.06816816816816818	0.06786786786786791	0.06396396396396398	0.06216216216216219	0.09789789789789793	0.0888888888888889	0
Phoca_vitulina	0.08378378378378382	0.0612612612612613	0.06606606606606602	0.08408408408408408	0.0855855855855856	0.12252252252252249	0.08588588588588586	0.06816816816816818	0
Hipposideros_armiger	0.15705705705705708	0.17087087087087083	0.17237237237237235	0.16336336336336332	0.16066066066066065	0.1954954954954955	0.19399399399399397	0.15405405405405403	0.1777777777777778	0
Talpa_occidentalis	0.09669669669669667	0.09699699699699704	0.09039039039039043	0.09219219219219221	0.09429429429429426	0.13153153153153152	0.11351351351351346	0.09249249249249247	0.08228228228228229	0.1954954954954955	0
Piliocolobus_tephrosceles	0.07207207207207211	0.08618618618618623	0.07237237237237237	0.06486486486486487	0.06216216216216219	0.09759759759759756	0.09339339339339336	0.06696696696696691	0.09279279279279284	0.16306306306306306	0.09339339339339336	0
Trachypithecus_francoisi	0.2918918918918919	0.306006006006006	0.2918918918918919	0.28498498498498503	0.28228228228228225	0.31681681681681684	0.3129129129129129	0.2852852852852853	0.31261261261261264	0.2516516516516516	0.3114114114114114	0.22192192192192195	0
Nomascus_leucogenys	0.07417417417417416	0.08018018018018014	0.0654654654654655	0.062462462462462454	0.06036036036036041	0.09879879879879883	0.08708708708708712	0.06216216216216219	0.08648648648648649	0.16516516516516522	0.08648648648648649	0.017117117117117164	0.23723723723723722	0
Homo_sapiens	0.07657657657657657	0.07657657657657657	0.06096096096096093	0.06216216216216219	0.06006006006006004	0.09849849849849845	0.08258258258258255	0.062462462462462454	0.08108108108108103	0.1678678678678679	0.08318318318318318	0.022222222222222254	0.2423423423423423	0.011111111111111072	0
Mus_pahari	0.10030030030030035	0.08708708708708712	0.07777777777777772	0.08828828828828827	0.08708708708708712	0.12522522522522528	0.09429429429429426	0.0930930930930931	0.08858858858858853	0.18768768768768773	0.10210210210210213	0.07897897897897899	0.2984984984984985	0.07327327327327327	0.06996996996996996	0
Arvicanthis_niloticus	0.0981981981981982	0.08768768768768764	0.07777777777777772	0.08708708708708712	0.08588588588588586	0.12402402402402402	0.093993993993994	0.08798798798798801	0.08858858858858853	0.18528528528528532	0.1015015015015015	0.07627627627627631	0.2960960960960961	0.07057057057057059	0.06666666666666665	0.02072072072072073	0
Melopsittacus_undulatus	0.14894894894894894	0.12642642642642643	0.1174174174174174	0.13543543543543546	0.13693693693693698	0.17327327327327324	0.1291291291291291	0.14474474474474475	0.1099099099099099	0.24774774774774777	0.10180180180180176	0.1360360360360361	0.3540540540540541	0.1291291291291291	0.12462462462462465	0.12462462462462465	0.12942942942942948	0
Pseudonaja_textilis	0.2315315315315315	0.23513513513513518	0.2417417417417418	0.23513513513513518	0.2348348348348348	0.2711711711711712	0.25555555555555554	0.23183183183183187	0.24054054054054053	0.22702702702702704	0.25225225225225223	0.23723723723723722	0.3450450450450451	0.23453453453453454	0.23513513513513518	0.23783783783783785	0.24264264264264268	0.2474474474474474	0
Thamnophis_elegans	0.15915915915915912	0.1468468468468469	0.13723723723723724	0.14804804804804805	0.14984984984984984	0.1861861861861862	0.15165165165165162	0.15585585585585582	0.12942942942942948	0.2591591591591592	0.11981981981981982	0.14474474474474475	0.3639639639639639	0.1375375375375375	0.13303303303303304	0.13063063063063063	0.13453453453453457	0.10060060060060061	0.16756756756756752	0
Zootoca_vivipara	0.1492492492492492	0.13273273273273278	0.12192192192192197	0.13723723723723724	0.13933933933933929	0.17687687687687692	0.13903903903903903	0.14624624624624627	0.11711711711711714	0.2510510510510511	0.10420420420420418	0.13483483483483483	0.3525525525525526	0.12732732732732732	0.12282282282282286	0.12252252252252249	0.12852852852852847	0.08768768768768764	0.19849849849849854	0.05585585585585584	0
Gekko_japonicus	0.15795795795795797	0.14144144144144144	0.12882882882882885	0.14414414414414412	0.14564564564564564	0.18228228228228227	0.145045045045045	0.14984984984984984	0.12462462462462465	0.2567567567567568	0.10840840840840837	0.14474474474474475	0.36276276276276276	0.13483483483483483	0.1324324324324324	0.13273273273273278	0.13303303303303304	0.09099099099099095	0.22462462462462462	0.07897897897897899	0.06186186186186182	0
Microcaecilia_unicolor	0.1567567567567567	0.1342342342342342	0.12612612612612617	0.1435435435435436	0.14474474474474475	0.18168168168168164	0.13903903903903903	0.15165165165165162	0.11621621621621625	0.25195195195195197	0.109009009009009	0.14324324324324322	0.3615615615615616	0.1375375375375375	0.1342342342342342	0.12792792792792795	0.1333333333333333	0.0930930930930931	0.24474474474474472	0.09999999999999998	0.09159159159159158	0.09339339339339336	0
Geotrypetes_seraphini	0.6435435435435435	0.6234234234234235	0.6273273273273273	0.6450450450450451	0.6444444444444444	0.6819819819819819	0.6351351351351351	0.6339339339339339	0.6270270270270271	0.6126126126126126	0.6465465465465465	0.648948948948949	0.5915915915915916	0.6447447447447447	0.6393393393393394	0.6285285285285285	0.630930930930931	0.6414414414414414	0.6195195195195196	0.6432432432432432	0.6363363363363364	0.6381381381381381	0.5777777777777777	0
Rhinatrema_bivittatum	0.25885885885885884	0.26546546546546546	0.26396396396396393	0.25795795795795795	0.2594594594594595	0.2525525525525526	0.2777777777777778	0.26306306306306304	0.2501501501501502	0.3516516516516517	0.23873873873873874	0.2606606606606606	0.47867867867867864	0.2627627627627628	0.26366366366366367	0.2660660660660661	0.2675675675675676	0.23693693693693696	0.3441441441441442	0.2417417417417418	0.23423423423423428	0.23423423423423428	0.19309309309309308	0.7204204204204204	0
Nanorana_parkeri	0.1618618618618619	0.15225225225225225	0.1444444444444445	0.15165165165165162	0.15285285285285288	0.19009009009009004	0.1594594594594595	0.1585585585585586	0.13573573573573572	0.25975975975975973	0.12042042042042045	0.1492492492492492	0.3681681681681682	0.1435435435435436	0.14054054054054055	0.13303303303303304	0.1351351351351351	0.10690690690690696	0.23633633633633633	0.093993993993994	0.08768768768768764	0.09909909909909909	0.09099099099099095	0.6393393393393394	0.2315315315315315	0
	Bos_indicus	Bos_indicus_x_Bos_taurus	Neophocaena_asiaeorientalis_as	Phocoena_sinus	Monodon_monoceros	Lagenorhynchus_obliquidens	Globicephala_melas	Panthera_pardus	Phoca_vitulina	Hipposideros_armiger	Talpa_occidentalis	Piliocolobus_tephrosceles	Trachypithecus_francoisi	Nomascus_leucogenys	Homo_sapiens	Mus_pahari	Arvicanthis_niloticus	Melopsittacus_undulatus	Pseudonaja_textilis	Thamnophis_elegans	Zootoca_vivipara	Gekko_japonicus	Microcaecilia_unicolor	Geotrypetes_seraphini	Rhinatrema_bivittatum	Nanorana_parkeri